ATAC_D0_repl_2_HDACi_S37_trimmed_Aligned.sortedByCoord.out <- c(1.0,0.8232173809096887,0.6574024266331958,0.5363696132926902,0.428859601936525,0.3638306138306138,0.3166577012730859,0.28420297651066884,0.24385870539716695,0.2095511326280557,0.18347677963062578,0.16582989659912736,0.16207937361783514,0.15058872751180444,0.13377861454784531,0.11923973462435,0.10335604566373797,0.09201482278405355,0.08221265913573605,0.08140577371346602,0.07722192337576952,0.07226107226107226,0.06462554539477616,0.05479349710118941,0.04899587591895284,0.046276373199450126,0.04201781124858048,0.04031438646823262,0.03696730619807543,0.035398362321439246,0.03698224852071006,0.03451676528599606,0.03238001314924392,0.03254437869822485,0.03178232024385871,0.030198434044587892,0.028973163588548203,0.023414619568465724,0.02504333273564043,0.022772099695176618,0.017736536967306198,0.014792899408284023,0.010250433327356404,0.008382642998027613,0.007007949315641623,0.003780407626561473,0.0047217739525431835,0.005543601697447852,0.0036010997549459087,0.0038551192397346242,0.003705696013388321,0.0018677903293287908,0.0014942322634630327,0.0030781184627338472,0.004841312533620226,0.0036010997549459087,0.005140158986312832,0.00500567808260116,0.004079254079254079,0.00321259936644552,0.0035413304644073876,0.00457235072619688,0.002973522204291435,0.001509174586097663,0.0013448090371167294,0.0036010997549459087,0.0041390233697926005,0.004706831629908553,0.004632120016735401,0.003063176140099217,0.0030930607853684776,0.003885003885003885,0.004183850337696492,0.006798756798756799,0.008024027254796486,0.008801028031797263,0.009353893969278585,0.008845854999701154,0.004557408403562249,0.004228677305600383,0.00321259936644552,0.0031229454306377384,0.0,0.0002839041300579762,0.0006275775506544738,0.0020470982009443547,0.004617177694100771,0.008053911900065746,0.009712509712509712,0.010071125455740841,0.009667682744605822,0.01001135616520232,0.007665411511565357,0.004617177694100771,0.004213734982965752,0.0015689438766361844,0.003003406849560696,0.0053792361484669175,0.002570079493156416,0.003376964915426454)
ATAC_D8_repl_2_no_tx_S42_trimmed_Aligned.sortedByCoord.out <- c(1.0,0.8355250823579827,0.6694967458553178,0.5481961593057825,0.4385194311273,0.38148485416610867,0.334159145083965,0.3003187186972708,0.25757291694565715,0.2229022149610306,0.19610573961485925,0.18185713903098802,0.17354099150976243,0.1606851112837132,0.13891046415084232,0.12928194552320754,0.1117390256314112,0.09644588477917347,0.0887189651016418,0.08772799100088384,0.08286686129040897,0.0805501245413397,0.07373382971315318,0.06399817875030131,0.05982001767683531,0.05728901625733187,0.05465088250261135,0.04930765728365964,0.045785681763398235,0.04289310871253716,0.04396443206470793,0.041045075930042585,0.03710796261081501,0.03592950692342716,0.03539384524734178,0.03365294480006428,0.03370651096767282,0.0241047754238423,0.026836649971877763,0.022578139646998955,0.017167956718536572,0.016297506494897824,0.012253260840453169,0.011610466829150708,0.011141762862575996,0.009052682325842998,0.007673353509923132,0.007137691833837748,0.008088491308889306,0.007499263465195383,0.006093151565471249,0.002075688994830865,0.003696065564989153,0.006441331654926748,0.010110614136111631,0.008932158448723786,0.010324878806545786,0.010820365856924766,0.008182232102204248,0.007472480381391113,0.006856469453892921,0.009655301711439055,0.005852103811232826,0.005544098347483729,0.005570881431287998,0.0076331788842167285,0.008838417655408843,0.013525457321155957,0.010954281275946113,0.008570586817366152,0.008490237565953344,0.009882957923775344,0.012266652382355305,0.013137102605994055,0.011985430002410478,0.012936229477462036,0.012387176259474516,0.01155690066154217,0.008168840560302114,0.006642204783458767,0.004566515788627903,0.004620081956236441,0.0022631705814607495,0.0026381337547205187,0.0028523984251546722,0.003521975520261403,0.004486166537215095,0.007820660470846614,0.010525751935077805,0.011543509119640036,0.012494308594691592,0.01086054048263117,0.007030559498620671,0.003200578514610172,0.0028390068832525378,0.0,0.00223638749765648,0.0030264884698824224,0.0008168840560302113,0.0023970860004820954)
ATAC_D0_repl_2_no_tx_S39_trimmed_Aligned.sortedByCoord.out <- c(1.0,0.8295844510047804,0.6750385877628089,0.5589905740959974,0.4490416747838336,0.38280559260313796,0.32801846218399244,0.29710329532001617,0.25267117231871244,0.21708051730080472,0.1853561313332634,0.17062534654058834,0.16338733122536753,0.15481560294315985,0.1357090407756515,0.1221621135604142,0.10642729765776027,0.09460370742233744,0.08652650192564175,0.08459336740045856,0.07910866014296204,0.07549714525482909,0.06599631355741709,0.055866089223898935,0.049422307473288275,0.046560069532900754,0.04498658794263536,0.04231916200866164,0.03965173607468793,0.03596529349178043,0.03800332678964799,0.03596529349178043,0.032533605071106385,0.03322293986303217,0.029671367130718856,0.028547451709100717,0.027153796586294226,0.021384364088654448,0.022867932445190392,0.0200656366606225,0.016588991623083724,0.014760755870584886,0.011254139755136294,0.011059327748722482,0.007777494717597518,0.004750415848705999,0.0044207339916980115,0.0038362979724565795,0.006338882977926301,0.004375777374833286,0.003266847492170056,0.0,0.0017832791356341131,0.0034316884206740494,0.004705459231841273,0.004210936446329292,0.00705818884776191,0.006383839594791027,0.003851283511411488,0.004570589381247096,0.00443571953065292,0.00534983740690234,0.0020979754536871917,0.002577512700244264,0.0028472524014326174,0.005304880790037614,0.005424765101676882,0.006578651601204837,0.00624896974419685,0.004705459231841273,0.005469721718541608,0.003986153362005664,0.004600560459156914,0.006803434685528465,0.0076126537890935245,0.008376916275793858,0.007327928548950263,0.006039172198828131,0.0015285249734006683,0.0040760665957351155,0.0030720354857562454,0.003356760725899507,0.0010789588047534129,0.002337744076965728,0.0014535972786261257,0.002127946531597009,0.0021579176095068257,0.003821312433501671,0.008197089808334957,0.008137147652515322,0.00878152582757639,0.007163087620446269,0.0034466739596289583,0.0024126717717402706,0.0031919197973955134,0.001543510512355577,0.00017982646745890216,0.0027873102456129834,0.002247830843236277,0.0010939443437083215)
